4
sdsd
true
10000
1000
7077
4
7097
7087
0
Sillness
1
1
0
1
500
500
52
52
0
9
0
0
9
11
11
0
125
125
0
100
100
77
0
77
1
1
0
0
0
0
0
0
1
1
3
1
10
1
11
1
12
1
13
1
1
1
3
1
10
1
11
1
12
1
13
1
14
1
15
1
16
1
17
1
7075
1
7095
7085
0
Ravness
1
1
0
1
660
660
48
48
0
16
0
0
16
7
7
0
140
140
0
55
55
95
0
95
1
1
0
0
0
0
0
0
1
1
8
1
20
1
21
1
22
1
23
1
1
1
8
1
20
1
21
1
22
1
23
1
24
1
25
1
26
1
27
1
7072
1
7092
7082
0
Cosseus
1
1
0
1
700
700
42
42
0
30
0
0
30
5
5
0
110
110
0
47
47
105
0
105
1
1
0
0
0
0
0
0
1
1
2
1
30
1
31
1
32
1
33
1
1
1
2
1
30
1
31
1
32
1
33
1
84
1
25
1
36
1
37
1
7073
1
7093
7083
0
D-rin
1
1
0
1
470
470
49
49
0
10
0
0
10
9
9
0
122
122
0
85
85
87
0
87
1
1
0
0
0
0
0
0
1
1
6
1
40
1
41
1
42
1
43
1
1
1
6
1
40
1
41
1
42
1
43
1
65
1
44
1
66
1
45
1
7078
1
7098
7088
0
Wolfe
1
1
0
1
635
635
46
46
0
18
0
0
18
10
10
0
141
141
0
69
69
79
0
79
1
1
0
0
0
0
0
0
8
1
83
1
50
1
51
1
52
1
53
1
3
1
83
1
50
1
51
1
52
1
53
1
54
1
55
1
56
1
57
1
7074
4
7094
7084
0
Rage
1
1
0
1
480
480
55
55
0
5
0
0
5
13
13
0
135
135
0
75
75
85
0
85
1
1
0
0
0
0
0
0
6
1
40
1
32
1
61
1
62
1
63
1
6
1
40
1
32
1
61
1
62
1
63
1
64
1
84
1
65
1
66
1
7071
1
7091
7081
0
Cleo
1
1
0
1
580
580
50
50
0
13
0
0
13
8
8
0
128
128
0
130
130
92
0
92
1
1
0
0
0
0
0
0
7
1
3
1
90
1
91
1
92
1
93
1
7
1
3
1
90
1
91
1
92
1
93
1
94
1
95
1
96
1
97
1
7079
1
7099
7089
0
Zefan
1
1
0
1
610
610
65
65
0
10
0
0
10
12
12
0
155
155
0
130
130
82
0
82
1
1
0
0
0
0
0
0
5
1
4
1
80
1
81
1
82
1
83
1
5
1
4
1
80
1
81
1
82
1
83
1
84
1
85
1
86
1
87
1
7076
1
7096
7086
0
Seira
1
1
0
1
410
410
60
60
0
14
0
0
14
12
12
0
133
133
0
150
150
83
0
83
1
1
0
0
0
0
0
0
1
1
2
1
70
1
71
1
72
1
73
1
1
1
2
1
70
1
71
1
72
1
73
1
74
1
75
1
76
1
77
1
7070
4
7090
7080
0
Aeron
1
1
0
1
560
560
58
58
0
20
0
0
20
15
15
0
117
117
0
140
140
86
0
86
1
1
0
0
0
0
0
0
7
1
80
1
100
1
101
1
102
1
103
1
1
1
80
1
100
1
101
1
102
1
103
1
66
1
104
1
105
1
106
1
true
true
true
true
true
true
true
true
true
true
true
true
true
true
true
true
true
true
true
true
true
true
true
true
true
true
true
true
true
true
true
true
true
true
true
true
true
true
true
true
true
true
true
true
0
0
0
0
0
0
0
0
0
0
0
0
0
0
0
0
0
0
0
0
0
0
0
0
0
0
0
0
0
0
0
0
0
0
0
0
0
0
0
0
0
0
0
0
0
0
0
0
0
0
0
0
0
0
0
0
0
0
0
0
0
0
0
0
0
0
0
0
0
0
0
0
0
0
0
0
0
0
0
0
0
0
0
0
