3
Experi_NeSkils
true
99999
1000
7077
1
7097
7087
252
Sillness
4
4
0
1
555
555
60
60
0
12
0
0
12
11
11
0
128
128
0
107
107
77
0
77
1
1
0
0
0
0
0
0
1
1
17
1
14
1
11
1
15
1
16
1
1
1
3
1
10
1
11
1
12
1
13
1
14
1
15
1
16
1
17
1
7075
1
7095
7085
156
Ravness
3
3
0
1
690
690
53
53
0
18
0
0
18
7
7
0
142
142
0
59
59
95
0
95
1
1
0
0
0
0
0
0
8
1
24
1
26
1
23
1
25
1
27
1
1
1
8
1
20
1
21
1
22
1
23
1
24
1
25
1
26
1
27
1
7072
4
7092
7082
60
Cosseus
2
2
0
1
715
715
44
44
0
31
0
0
31
5
5
0
111
111
0
49
49
105
0
105
1
1
0
0
0
0
0
0
1
1
32
1
36
1
31
1
25
1
37
1
1
1
2
1
30
1
31
1
32
1
33
1
84
1
25
1
36
1
37
1
7073
4
7093
7083
60
D-rin
2
2
0
1
485
485
51
51
0
11
0
0
11
9
9
0
123
123
0
87
87
87
0
87
1
1
0
0
0
0
0
0
6
1
42
1
43
1
41
1
44
1
45
1
1
1
6
1
40
1
41
1
42
1
43
1
65
1
44
1
66
1
45
1
7078
1
7098
7088
108
Wolfe
2
2
0
1
650
650
48
48
0
19
0
0
19
10
10
0
142
142
0
71
71
79
0
79
1
1
0
0
0
0
0
0
8
1
83
1
56
1
51
1
54
1
57
1
8
1
83
1
50
1
51
1
52
1
53
1
54
1
55
1
56
1
57
1
7074
4
7094
7084
60
Rage
2
2
0
1
495
495
57
57
0
6
0
0
6
13
13
0
136
136
0
77
77
85
0
85
1
1
0
0
0
0
0
0
6
1
84
1
64
1
61
1
62
1
66
1
6
1
40
1
32
1
61
1
62
1
63
1
64
1
84
1
65
1
66
1
7071
1
7091
7081
84
Cleo
2
2
0
1
595
595
52
52
0
14
0
0
14
8
8
0
129
129
0
132
132
92
0
92
1
1
0
0
0
0
0
0
7
1
94
1
96
1
91
1
95
1
97
1
7
1
3
1
90
1
91
1
92
1
93
1
94
1
95
1
96
1
97
1
7079
1
7099
7089
156
Zefan
3
3
0
1
640
640
70
70
0
12
0
0
12
12
12
0
157
157
0
134
134
82
0
82
1
1
0
0
0
0
0
0
5
1
83
1
86
1
81
1
82
1
87
1
5
1
4
1
80
1
81
1
82
1
83
1
84
1
85
1
86
1
87
1
7076
1
7096
7086
204
Seira
4
4
0
1
465
465
68
68
0
17
0
0
17
12
12
0
136
136
0
157
157
83
0
83
1
1
0
0
0
0
0
0
1
1
73
1
76
1
71
1
75
1
77
1
1
1
2
1
70
1
71
1
72
1
73
1
74
1
75
1
76
1
77
1
7070
1
7090
7080
84
Aeron
2
2
0
1
575
575
60
60
0
21
0
0
21
15
15
0
118
118
0
142
142
86
0
86
1
1
0
0
0
0
0
0
7
1
105
1
66
1
101
1
104
1
106
1
1
1
80
1
100
1
101
1
102
1
103
1
66
1
104
1
105
1
106
1
true
true
true
true
true
true
true
true
true
true
true
true
true
true
true
true
true
true
true
true
true
true
true
true
true
true
true
true
true
true
true
true
true
true
true
true
true
true
true
true
true
true
true
true
0
0
0
0
0
0
0
0
0
0
0
0
0
0
0
0
0
0
0
0
0
0
0
0
0
0
0
0
0
0
0
0
0
0
0
0
0
0
0
0
0
0
0
0
0
0
0
0
0
0
0
0
0
0
0
0
0
0
0
0
0
0
0
0
0
0
0
0
0
0
1
12
2
6
3
3
4
2
5
1
6
4
7
3
